1001
30
75
1002
22
50
1003
35
20
1004
18
90
1005
40
10
1006
25
65
1007
15
80
1008
33
55
1009
28
35
1010
19
60
1011
24
45
1012
38
25
1013
21
70
1014
34
15
1015
29
85
1016
17
40
1017
36
30
1018
20
95
1019
23
50
1020
31
10
1021
26
65
1022
14
80
1023
39
55
1024
16
35
1025
32
60
1026
27
45
1027
19
25
1028
37
70
1029
22
15
1030
28
85
1031
18
40
1032
34
30
1033
25
95
1034
21
50
1035
30
10
1036
23
65
1037
15
80
1038
33
55
1039
29
35
1040
20
60
1041
24
45
1042
38
25
1043
19
70
1044
34
15
1045
27
85
1046
17
40
1047
36
30
1048
22
95
1049
23
50
1050
31
10
1051
26
65
1052
14
80
1053
39
55
1054
16
35
1055
32
60
1056
27
45
1057
19
25
1058
37
70
1059
22
15
1060
28
85
1061
18
40
1062
34
30
1063
25
95
1064
21
50
1065
30
10
1066
23
65
1067
15
80
1068
33
55
1069
29
35
1070
20
60
1071
24
45
1072
38
25
1073
19
70
1074
34
15
1075
27
85
1076
17
40
1077
36
30
1078
22
95
1079
23
50
1080
31
10
1081
26
65
1082
14
80
1083
39
55
1084
16
35
1085
32
60
1086
27
45
1087
19
25
1088
37
70
1089
22
15
1090
28
85
1091
18
40
1092
34
30
1093
25
95
1094
21
50
1095
30
10
1096
23
65
1097
15
80
1098
33
55
1099
29
35
1100
20
60
1101
24
45
1102
38
25
1103
19
70
1104
34
15
1105
27
85
1106
17
40
1107
36
30
1108
22
95
1109
23
50
1110
31
10
1111
26
65
1112
14
80
1113
39
55
1114
16
35
1115
32
60
1116
27
45
1117
19
25
1118
37
70
1119
22
15
1120
28
85
1121
18
40
1122
34
30
1123
25
95
1124
21
50
1125
30
10
1126
23
65
1127
15
80
1128
33
55
1129
29
35
1130
20
60
1131
24
45
1132
38
25
1133
19
70
1134
34
15
1135
27
85
1136
17
40
1137
36
30
1138
22
95
1139
23
50
1140
31
10
1141
26
65
1142
14
80
1143
39
55
1144
16
35
1145
32
60
1146
27
45
1147
19
25
1148
37
70
1149
22
15
1150
28
85
1151
18
40
1152
34
30
1153
25
95
1154
21
50
1155
30
10
1156
23
65
1157
15
80
1158
33
55
1159
29
35
1160
20
60
1161
24
45
1162
38
25
1163
19
70
1164
34
15
1165
27
85
1166
17
40
1167
36
30
1168
22
95
1169
23
50
1170
31
10
1171
26
65
1172
14
80
1173
39
55
1174
16
35
1175
32
60
1176
27
45
1177
19
25
1178
37
70
1179
22
15
1180
28
85
1181
18
40
1182
34
30
1183
25
95
1184
21
50
1185
30
10
1186
23
65
1187
15
80
1188
33
55
1189
29
35
1190
20
60
1191
24
45
1192
38
25
1193
19
70
1194
34
15
1195
27
85
1196
17
40
1197
36
30
1198
22
95
1199
23
50
1200
31
10